1287370286
1625724152
1991895608
206572653
1907995114
1047441270
1409624321
1862095118
87627641
861864052
1413511525
1703648585
603537058
1871040154
866516294
1799011943
1854391607
362630870
415216184
318594895
1891465341
995102459
2030422657
1856350181
358604781
1065165840
628197569
78666107
1333114687
689694972
646703577
883373125
1295032130
886032514
1233243382
1355859377
33953765
1345506778
310927810
166416723
2015224690
353738533
1359326976
2034507867
1276200392
1598615349
269853694
2104939288
1146697435
789749057
1701778675
553756999
13409447
493289817
1304167173
136805742
1283893745
2119129953
2104634829
971997144
1793645783
175589490
1106208313
410135139
1650442709
1327145153
730941222
761237416
1352000928
318222889
621825387
268484170
221875602
573486998
1359456895
1234156054
354999729
1769287077
944897562
1505472562
598591490
1137040073
1590252120
650535867
1916618428
751575630
403627327
2058364185
1125268566
1718723919
906555519
1394251623
1021456063
378305818
1713991591
511922101
942295097
1651727441
288671181
2067113295
